DEWASAT-2               
1 56180U 23054C   24086.20142185  .00069191  00000+0  19361-2 0  9994
2 56180  97.3779 344.0146 0009464 108.8204 251.4068 15.36355672 53391

UMBRA-06                
1 56198U 23054W   24086.15836416  .00086367  00000+0  41698-2 0  9996
2 56198  97.3681 336.7725 0001722  37.4278 322.7076 15.18289099 52940

GHOST-2                 
1 56197U 23054V   24086.21085120  .00029288  00000+0  10084-2 0  9994
2 56197  97.3730 342.8498 0011795  96.6611 263.5973 15.29932878 53343

